0.02511
0.0254
0.02511
0.02521
0.02531
0.02541
0.02552
0.02562
0.02573
0.02584
0.02596
0.02607
0.02619
0.02631
0.02643
0.02656
0.02668
0.02681
0.02694
0.02708
0.02722
0.02735
0.02749
0.02764
0.02778
0.02793
0.02808
0.02824
0.02839
0.02855
0.02871
0.02888
0.02904
0.02921
0.02938
0.02956
0.02974
0.02991
0.0301
0.03028
0.03047
0.03066
0.03086
0.03105
0.03125
0.03146
0.03166
0.03187
0.03208
0.0323
0.03251
0.03273
0.03296
0.03318
0.03341
0.03364
0.03388
0.03412
0.03436
0.0346
0.03485
0.0351
0.03535
0.03562
0.03633
0.03686
0.03764
0.03808
0.03885
0.03928
0.03989
0.04046
0.04094
0.04167
0.04204
0.04287
0.04315
0.04363
0.04432
0.04464
0.04521
0.04576
0.04611
0.04673
0.0472
0.04758
0.04832
0.04864
0.04904
0.04979
0.05007
0.05054
0.05117
0.05151
0.05211
0.05258
0.05296
0.05373
0.05402
0.05441
0.05499
0.05553
0.0559
0.05639
0.05704
0.0574
0.05785
0.05859
0.05894
0.05936
0.06008
0.06043
0.06085
0.06153
0.06192
0.06236
0.06352
0.06396
0.06443
0.06517
0.06562
0.0661
0.06662
0.06719
0.06782
0.06831
0.06879
0.06945
0.06991
0.07042
0.07161
0.07215
0.07268
0.07328
0.07395
0.0745
0.07509
0.07569
0.07633
0.07699
0.07774
0.07835
0.07895
0.07957
0.08018
0.08082
0.02089
0.01977
0.01818
0.01825
0.01833
0.01841
0.01849
0.01857
0.01865
0.01874
0.01884
0.01902
0.0192
0.01936
0.01955
0.01975
0.01988
0.02005
0.02024
0.02039
0.02053
0.0207
0.02089
0.021
0.02114
0.02129
0.02145
0.02156
0.02169
0.02183
0.02196
0.02208
0.0222
0.02231
0.02243
0.02255
0.02264
0.02271
0.02284
0.02296
0.02303
0.02308
0.02324
0.02333
0.02337
0.0235
0.02363
0.0237
0.02373
0.02391
0.02403
0.02408
0.02414
0.02434
0.02444
0.02447
0.0246
0.02475
0.02482
0.02482
0.02503
0.02514
0.02515
0.02523
0.02542
0.02548
0.02548
0.02566
0.0258
0.02583
0.02582
0.02608
0.02619
0.0262
0.02619
0.02648
0.02655
0.02654
0.02663
0.02685
0.02688
0.02684
0.02702
0.02716
0.02715
0.02708
0.02736
0.02743
0.02739
0.02731
0.02766
0.0277
0.02764
0.02774
0.02798
0.02798
0.02788
0.02818
0.02804
0.0284
0.02843
0.02832
0.02833
0.02862
0.02856
0.02841
0.0287
0.02877
0.02865
0.02846
0.02892
0.02888
0.02872
0.02895
0.02909
0.02896
0.02875
0.0292
0.02913
0.02893
0.02921
0.02925
0.02908
0.02911
0.02937
0.02926
0.02904
0.02951
0.02949
0.02931
0.02961
0.02971
0.02955
0.02964
0.02986
0.02972
0.02965
0.02998
0.02986
0.02974
0.03012
0.03003
0.02992
0.0303
0.03021
0.03012
0.03051
0.03044
0.03041
0.03077
0.03065
0.03078
0.031
0.03084
0.03112
0.0313
0.03114
0.03153
0.03167
0.03152
0.03208
0.03194
0.03254
0.03265
0.0325
0.03312
0.0332
0.03309
0.03365
0.03367
0.03371
0.03419
0.03424
0.03432
0.03487
0.03497
0.03495
0.03561
0.03588
0.03592
0.03651
0.03707
0.03731
0.03727
0.03807
0.03861
0.03872
0.03877
0.03958
0.04002
0.03995
0.04033
0.04113
0.04167
0.0418
0.04191
0.04284
0.04357
0.04377
0.04343
0.04438
0.0452
0.04572
0.0456
0.04611
0.04711
0.04802
0.04863
0.04783
0.04885
0.0498
0.05059
0.01607
0.0152
0.01607
0.01616
0.01621
0.01625
0.01629
0.01638
0.01643
0.01647
0.0165
0.01659
0.01665
0.01669
0.01672
0.0168
0.01687
0.01691
0.01694
0.01701
0.01709
0.01713
0.01717
0.01719
0.0173
0.01735
0.01738
0.0174
0.01748
0.01755
0.01758
0.01759
0.01763
0.01772
0.01775
0.01777
0.01777
0.01787
0.01792
0.01794
0.01794
0.01801
0.01808
0.01811
0.01811
0.01811
0.01823
0.01827
0.01828
0.01827
0.01835
0.01841
0.01842
0.01841
0.01842
0.01853
0.01854
0.01862
0.01865
0.01864
0.01861
0.01871
0.01875
0.01874
0.01871
0.01879
0.01884
0.01884
0.0188
0.01888
0.01894
0.01894
0.0189
0.01898
0.01904
0.01902
0.01899
0.01908
0.01912
0.01911
0.01907
0.01918
0.01921
0.01919
0.01918
0.0193
0.01931
0.01928
0.01935
0.01941
0.0194
0.01937
0.0195
0.01952
0.0195
0.01959
0.01965
0.01966
0.01967
0.0198
0.01983
0.01983
0.01994
0.02
0.02
0.02008
0.02016
0.02017
0.02023
0.02033
0.02035
0.0204
0.02051
0.02055
0.02059
0.02072
0.02077
0.02082
0.02095
0.021
0.02107
0.02119
0.02123
0.02133
0.02144
0.0215
0.02162
0.02174
0.02181
0.02196
0.02207
0.02214
0.02231
0.02243
0.02252
0.02271
0.02282
0.02292
0.0231
0.0232
0.02331
0.02349
0.02358
0.02373
0.02391
0.02403
0.02421
0.02441
0.02454
0.02474
0.02495
0.02511
0.02533
0.02559
0.02579
0.02599
0.02628
0.02649
0.02667
0.02695
0.02718
0.02735
0.02759
0.0279
0.02811
0.02831
0.02863
0.02895
0.02918
0.02938
0.02971
0.03002
0.03022
0.03042
0.03079
0.03115
0.03143
0.03166
0.03202
0.0324
0.03267
0.03282
0.03312
0.03347
0.03365
0.03371
0.0341
0.03431
0.03427
0.03446
0.03471
0.03474
0.03504
0.03535
0.03561
0.03593
0.03642
0.03679
0.03698
0.03763
0.03818
0.0135
0.01298
0.0135
0.01352
0.01355
0.01358
0.01362
0.01365
0.01367
0.01369
0.01374
0.01377
0.0138
0.01382
0.01383
0.01389
0.01392
0.01394
0.01396
0.01397
0.01403
0.01406
0.01408
0.01409
0.0141
0.01416
0.01418
0.01419
0.0142
0.01422
0.01427
0.0143
0.0143
0.01431
0.01434
0.01438
0.0144
0.01441
0.01442
0.01446
0.0145
0.01452
0.01452
0.01453
0.01458
0.01461
0.01462
0.01462
0.01463
0.01468
0.0147
0.01471
0.0147
0.01474
0.01477
0.01478
0.01478
0.01479
0.01484
0.01485
0.01486
0.01485
0.01491
0.01493
0.01494
0.01494
0.01499
0.01502
0.01504
0.01504
0.01508
0.01512
0.01513
0.01514
0.01518
0.01522
0.01523
0.01524
0.01529
0.01532
0.01534
0.01535
0.01541
0.01544
0.01545
0.01548
0.01554
0.01557
0.01559
0.01564
0.01569
0.01572
0.01575
0.01583
0.01587
0.0159
0.01596
0.01602
0.01606
0.0161
0.01617
0.01622
0.01626
0.01633
0.01638
0.01643
0.0165
0.01656
0.01661
0.01668
0.01675
0.01681
0.01688
0.01695
0.01701
0.01709
0.01716
0.01722
0.0173
0.01739
0.01746
0.01755
0.01764
0.01773
0.01782
0.01792
0.01801
0.01811
0.01821
0.01831
0.01842
0.01853
0.01862
0.01874
0.01884
0.01894
0.01906
0.01916
0.01927
0.0194
0.01952
0.01965
0.01979
0.01992
0.02006
0.02021
0.02035
0.0205
0.02068
0.02084
0.02101
0.0212
0.02137
0.02153
0.02172
0.02189
0.02205
0.02225
0.02244
0.02262
0.02281
0.02304
0.0234
0.02363
0.02385
0.02404
0.02423
0.0245
0.02471
0.02492
0.02512
0.02541
0.02565
0.02588
0.02607
0.02628
0.02654
0.02672
0.02684
0.02702
0.02725
0.0274
0.02749
0.02786
0.02795
0.02806
0.02835
0.02848
0.02866
0.0289
0.02922
0.02946
0.02972
0.03017
0.03054
0.03087
0.03148
0.03192
0.03229
0.03274
0.03339
