1	25000	-0.0078	625000000	0.00006084	-195
1	25000	0	625000000	0	0
1	25000	-0.0078	625000000	0.00006084	-195
1	25000	-0.0051	625000000	0.00002601	-127.5
1	25000	-0.0024	625000000	0.00000576	-60
1	25000	0.0003	625000000	0.00000009	7.5
1	25000	0.0031	625000000	0.00000961	77.5
1	25000	0.0058	625000000	0.00003364	145
1	25000	0.0086	625000000	0.00007396	215
1	25000	0.0113	625000000	0.00012769	282.5
1	25000	0.0141	625000000	0.00019881	352.5
1	25000	0.0169	625000000	0.00028561	422.5
1	25000	0.0197	625000000	0.00038809	492.5
1	25000	0.0224	625000000	0.00050176	560
1	25000	0.0252	625000000	0.00063504	630
1	25000	0.028	625000000	0.000784	700
1	25000	0.0309	625000000	0.00095481	772.5
1	25000	0.0336	625000000	0.00112896	840
1	25000	0.0365	625000000	0.00133225	912.5
1	25000	0.0393	625000000	0.00154449	982.5
1	25000	0.0421	625000000	0.00177241	1052.5
1	25000	0.0449	625000000	0.00201601	1122.5
1	25000	0.0478	625000000	0.00228484	1195
1	25000	0.0506	625000000	0.00256036	1265
1	25000	0.0534	625000000	0.00285156	1335
1	25000	0.0562	625000000	0.00315844	1405
1	25000	0.059	625000000	0.003481	1475
1	25000	0.0619	625000000	0.00383161	1547.5
1	25000	0.0647	625000000	0.00418609	1617.5
1	25000	0.0675	625000000	0.00455625	1687.5
1	25000	0.0703	625000000	0.00494209	1757.5
1	25000	0.0732	625000000	0.00535824	1830
1	25000	0.076	625000000	0.005776	1900
1	25000	0.0788	625000000	0.00620944	1970
1	25000	0.0816	625000000	0.00665856	2040
1	25000	0.0844	625000000	0.00712336	2110
1	25000	0.0872	625000000	0.00760384	2180
1	25000	0.0901	625000000	0.00811801	2252.5
1	25000	0.0929	625000000	0.00863041	2322.5
1	25000	0.0957	625000000	0.00915849	2392.5
1	25000	0.0985	625000000	0.00970225	2462.5
1	25000	0.1012	625000000	0.01024144	2530
1	25000	0.104	625000000	0.010816	2600
1	25000	0.1068	625000000	0.01140624	2670
1	25000	0.1096	625000000	0.01201216	2740
1	25000	0.1123	625000000	0.01261129	2807.5
1	25000	0.1151	625000000	0.01324801	2877.5
1	25000	0.1179	625000000	0.01390041	2947.5
1	25000	0.1206	625000000	0.01454436	3015
1	25000	0.1234	625000000	0.01522756	3085
1	25000	0.1261	625000000	0.01590121	3152.5
1	25000	0.1288	625000000	0.01658944	3220
1	25000	0.1315	625000000	0.01729225	3287.5
1	25000	0.1342	625000000	0.01800964	3355
1	25000	0.137	625000000	0.018769	3425
1	25000	0.1397	625000000	0.01951609	3492.5
1	25000	0.1423	625000000	0.02024929	3557.5
1	25000	0.1451	625000000	0.02105401	3627.5
1	25000	0.1477	625000000	0.02181529	3692.5
1	25000	0.1504	625000000	0.02262016	3760
1	25000	0.1531	625000000	0.02343961	3827.5
1	25000	0.1557	625000000	0.02424249	3892.5
1	25000	0.1584	625000000	0.02509056	3960
1	25000	0.1613	625000000	0.02601769	4032.5
1	25000	0.1754	625000000	0.03076516	4385
1	25000	0.1857	625000000	0.03448449	4642.5
1	25000	0.2005	625000000	0.04020025	5012.5
1	25000	0.2088	625000000	0.04359744	5220
1	25000	0.2236	625000000	0.04999696	5590
1	25000	0.2309	625000000	0.05331481	5772.5
1	25000	0.2423	625000000	0.05870929	6057.5
1	25000	0.2524	625000000	0.06370576	6310
1	25000	0.2608	625000000	0.06801664	6520
1	25000	0.2747	625000000	0.07546009	6867.5
1	25000	0.2801	625000000	0.07845601	7002.5
1	25000	0.2963	625000000	0.08779369	7407.5
1	25000	0.2992	625000000	0.08952064	7480
1	25000	0.3066	625000000	0.09400356	7665
1	25000	0.3191	625000000	0.10182481	7977.5
1	25000	0.3223	625000000	0.10387729	8057.5
1	25000	0.3317	625000000	0.11002489	8292.5
1	25000	0.3403	625000000	0.11580409	8507.5
1	25000	0.3436	625000000	0.11806096	8590
1	25000	0.3543	625000000	0.12552849	8857.5
1	25000	0.3604	625000000	0.12988816	9010
1	25000	0.3638	625000000	0.13235044	9095
1	25000	0.3779	625000000	0.14280841	9447.5
1	25000	0.3794	625000000	0.14394436	9485
1	25000	0.3833	625000000	0.14691889	9582.5
1	25000	0.3977	625000000	0.15816529	9942.5
1	25000	0.3977	625000000	0.15816529	9942.5
1	25000	0.4037	625000000	0.16297369	10092.5
1	25000	0.4144	625000000	0.17172736	10360
1	25000	0.4154	625000000	0.17255716	10385
1	25000	0.4255	625000000	0.18105025	10637.5
1	25000	0.4308	625000000	0.18558864	10770
1	25000	0.4323	625000000	0.18688329	10807.5
1	25000	0.4484	625000000	0.20106256	11210
1	25000	0.4464	625000000	0.19927296	11160
1	25000	0.4477	625000000	0.20043529	11192.5
1	25000	0.456	625000000	0.207936	11400
1	25000	0.4623	625000000	0.21372129	11557.5
1	25000	0.4622	625000000	0.21362884	11555
1	25000	0.4671	625000000	0.21818241	11677.5
1	25000	0.4777	625000000	0.22819729	11942.5
1	25000	0.4766	625000000	0.22714756	11915
1	25000	0.4792	625000000	0.22963264	11980
1	25000	0.4931	625000000	0.24314761	12327.5
1	25000	0.491	625000000	0.241081	12275
1	25000	0.4915	625000000	0.24157225	12287.5
1	25000	0.5072	625000000	0.25725184	12680
1	25000	0.5046	625000000	0.25462116	12615
1	25000	0.5049	625000000	0.25492401	12622.5
1	25000	0.5196	625000000	0.26998416	12990
1	25000	0.5175	625000000	0.26780625	12937.5
1	25000	0.5175	625000000	0.26780625	12937.5
1	25000	0.5311	625000000	0.28206721	13277.5
1	25000	0.5299	625000000	0.28079401	13247.5
1	25000	0.5309	625000000	0.28185481	13272.5
1	25000	0.5458	625000000	0.29789764	13645
1	25000	0.5433	625000000	0.29517489	13582.5
1	25000	0.5421	625000000	0.29387241	13552.5
1	25000	0.5426	625000000	0.29441476	13565
1	25000	0.5469	625000000	0.29909961	13672.5
1	25000	0.5557	625000000	0.30880249	13892.5
1	25000	0.554	625000000	0.306916	13850
1	25000	0.5547	625000000	0.30769209	13867.5
1	25000	0.568	625000000	0.322624	14200
1	25000	0.5655	625000000	0.31979025	14137.5
1	25000	0.5651	625000000	0.31933801	14127.5
1	25000	0.5774	625000000	0.33339076	14435
1	25000	0.5759	625000000	0.33166081	14397.5
1	25000	0.5759	625000000	0.33166081	14397.5
1	25000	0.5788	625000000	0.33500944	14470
1	25000	0.5884	625000000	0.34621456	14710
1	25000	0.5867	625000000	0.34421689	14667.5
1	25000	0.586	625000000	0.343396	14650
1	25000	0.586	625000000	0.343396	14650
1	25000	0.5866	625000000	0.34409956	14665
1	25000	0.5887	625000000	0.34656769	14717.5
1	25000	0.5985	625000000	0.35820225	14962.5
1	25000	0.5974	625000000	0.35688676	14935
1	25000	0.5963	625000000	0.35557369	14907.5
1	25000	0.5956	625000000	0.35473936	14890
1	25000	0.5956	625000000	0.35473936	14890
1	25000	0.5968	625000000	0.35617024	14920
1	25000	0.0823	625000000	0.00677329	2057.5
1	50000	0	2500000000	0	0
1	50000	-0.0842	2500000000	0.00708964	-4210
1	50000	-0.0818	2500000000	0.00669124	-4090
1	50000	-0.0795	2500000000	0.00632025	-3975
1	50000	-0.077	2500000000	0.005929	-3850
1	50000	-0.0746	2500000000	0.00556516	-3730
1	50000	-0.072	2500000000	0.005184	-3600
1	50000	-0.0695	2500000000	0.00483025	-3475
1	50000	-0.0669	2500000000	0.00447561	-3345
1	50000	-0.0622	2500000000	0.00386884	-3110
1	50000	-0.0497	2500000000	0.00247009	-2485
1	50000	-0.0379	2500000000	0.00143641	-1895
1	50000	-0.0267	2500000000	0.00071289	-1335
1	50000	-0.0144	2500000000	0.00020736	-720
1	50000	-0.0016	2500000000	0.00000256	-80
1	50000	0.0084	2500000000	0.00007056	420
1	50000	0.0199	2500000000	0.00039601	995
1	50000	0.0337	2500000000	0.00113569	1685
1	50000	0.0444	2500000000	0.00197136	2220
1	50000	0.0544	2500000000	0.00295936	2720
1	50000	0.0672	2500000000	0.00451584	3360
1	50000	0.0823	2500000000	0.00677329	4115
1	50000	0.0898	2500000000	0.00806404	4490
1	50000	0.1004	2500000000	0.01008016	5020
1	50000	0.1141	2500000000	0.01301881	5705
1	50000	0.128	2500000000	0.016384	6400
1	50000	0.1346	2500000000	0.01811716	6730
1	50000	0.1462	2500000000	0.02137444	7310
1	50000	0.161	2500000000	0.025921	8050
1	50000	0.172	2500000000	0.029584	8600
1	50000	0.1786	2500000000	0.03189796	8930
1	50000	0.1907	2500000000	0.03636649	9535
1	50000	0.2075	2500000000	0.04305625	10375
1	50000	0.2166	2500000000	0.04691556	10830
1	50000	0.2234	2500000000	0.04990756	11170
1	50000	0.2366	2500000000	0.05597956	11830
1	50000	0.2528	2500000000	0.06390784	12640
1	50000	0.2574	2500000000	0.06625476	12870
1	50000	0.2647	2500000000	0.07006609	13235
1	50000	0.2777	2500000000	0.07711729	13885
1	50000	0.2922	2500000000	0.08538084	14610
1	50000	0.2929	2500000000	0.08579041	14645
1	50000	0.3019	2500000000	0.09114361	15095
1	50000	0.3155	2500000000	0.09954025	15775
1	50000	0.3212	2500000000	0.10316944	16060
1	50000	0.3256	2500000000	0.10601536	16280
1	50000	0.3353	2500000000	0.11242609	16765
1	50000	0.348	2500000000	0.121104	17400
1	50000	0.3486	2500000000	0.12152196	17430
1	50000	0.3542	2500000000	0.12545764	17710
1	50000	0.3639	2500000000	0.13242321	18195
1	50000	0.3734	2500000000	0.13942756	18670
1	50000	0.3736	2500000000	0.13957696	18680
1	50000	0.38	2500000000	0.1444	19000
1	50000	0.3896	2500000000	0.15178816	19480
1	50000	0.3941	2500000000	0.15531481	19705
1	50000	0.397	2500000000	0.157609	19850
1	50000	0.4041	2500000000	0.16329681	20205
1	50000	0.4135	2500000000	0.17098225	20675
1	50000	0.4142	2500000000	0.17156164	20710
1	50000	0.419	2500000000	0.175561	20950
1	50000	0.4267	2500000000	0.18207289	21335
1	50000	0.4324	2500000000	0.18696976	21620
1	50000	0.4341	2500000000	0.18844281	21705
1	50000	0.4399	2500000000	0.19351201	21995
1	50000	0.4475	2500000000	0.20025625	22375
1	50000	0.4499	2500000000	0.20241001	22495
1	50000	0.4535	2500000000	0.20566225	22675
1	50000	0.4596	2500000000	0.21123216	22980
1	50000	0.4668	2500000000	0.21790224	23340
1	50000	0.4679	2500000000	0.21893041	23395
1	50000	0.4722	2500000000	0.22297284	23610
1	50000	0.4783	2500000000	0.22877089	23915
1	50000	0.4849	2500000000	0.23512801	24245
1	50000	0.4856	2500000000	0.23580736	24280
1	50000	0.4904	2500000000	0.24049216	24520
1	50000	0.4965	2500000000	0.24651225	24825
1	50000	0.5009	2500000000	0.25090081	25045
1	50000	0.5033	2500000000	0.25331089	25165
1	50000	0.5083	2500000000	0.25836889	25415
1	50000	0.5145	2500000000	0.26471025	25725
1	50000	0.5174	2500000000	0.26770276	25870
1	50000	0.5209	2500000000	0.27133681	26045
1	50000	0.5262	2500000000	0.27688644	26310
1	50000	0.5323	2500000000	0.28334329	26615
1	50000	0.5342	2500000000	0.28536964	26710
1	50000	0.5385	2500000000	0.28998225	26925
1	50000	0.544	2500000000	0.295936	27200
1	50000	0.5498	2500000000	0.30228004	27490
1	50000	0.5513	2500000000	0.30393169	27565
1	50000	0.556	2500000000	0.309136	27800
1	50000	0.5616	2500000000	0.31539456	28080
1	50000	0.5658	2500000000	0.32012964	28290
1	50000	0.5687	2500000000	0.32341969	28435
1	50000	0.5736	2500000000	0.32901696	28680
1	50000	0.5793	2500000000	0.33558849	28965
1	50000	0.5914	2500000000	0.34975396	29570
1	50000	0.5971	2500000000	0.35652841	29855
1	50000	0.5994	2500000000	0.35928036	29970
1	50000	0.6039	2500000000	0.36469521	30195
1	50000	0.6093	2500000000	0.37124649	30465
1	50000	0.614	2500000000	0.376996	30700
1	50000	0.6168	2500000000	0.38044224	30840
1	50000	0.6218	2500000000	0.38663524	31090
1	50000	0.6275	2500000000	0.39375625	31375
1	50000	0.6304	2500000000	0.39740416	31520
1	50000	0.6346	2500000000	0.40271716	31730
1	50000	0.64	2500000000	0.4096	32000
1	50000	0.6458	2500000000	0.41705764	32290
1	50000	0.6479	2500000000	0.41977441	32395
1	50000	0.6528	2500000000	0.42614784	32640
1	50000	0.6584	2500000000	0.43349056	32920
1	50000	0.6619	2500000000	0.43811161	33095
1	50000	0.6659	2500000000	0.44342281	33295
1	50000	0.6713	2500000000	0.45064369	33565
1	50000	0.677	2500000000	0.458329	33850
1	50000	0.6794	2500000000	0.46158436	33970
1	50000	0.6844	2500000000	0.46840336	34220
1	50000	0.6901	2500000000	0.47623801	34505
1	50000	0.6933	2500000000	0.48066489	34665
1	50000	0.6977	2500000000	0.48678529	34885
1	50000	0.7033	2500000000	0.49463089	35165
1	50000	0.7079	2500000000	0.50112241	35395
1	50000	0.7113	2500000000	0.50594769	35565
1	50000	0.7166	2500000000	0.51351556	35830
1	50000	0.7224	2500000000	0.52186176	36120
1	50000	0.725	2500000000	0.525625	36250
1	50000	0.7299	2500000000	0.53275401	36495
1	50000	0.7357	2500000000	0.54125449	36785
1	50000	0.7391	2500000000	0.54626881	36955
1	50000	0.7435	2500000000	0.55279225	37175
1	50000	0.7491	2500000000	0.56115081	37455
1	50000	0.7536	2500000000	0.56791296	37680
1	50000	0.7572	2500000000	0.57335184	37860
1	50000	0.7628	2500000000	0.58186384	38140
1	50000	0.768	2500000000	0.589824	38400
1	50000	0.7711	2500000000	0.59459521	38555
1	50000	0.7765	2500000000	0.60295225	38825
1	50000	0.782	2500000000	0.611524	39100
1	50000	0.7849	2500000000	0.61606801	39245
1	50000	0.7903	2500000000	0.62457409	39515
1	50000	0.7958	2500000000	0.63329764	39790
1	50000	0.7987	2500000000	0.63792169	39935
1	50000	0.8041	2500000000	0.64657681	40205
1	50000	0.8096	2500000000	0.65545216	40480
1	50000	0.8124	2500000000	0.65999376	40620
1	50000	0.8178	2500000000	0.66879684	40890
1	50000	0.8231	2500000000	0.67749361	41155
1	50000	0.8261	2500000000	0.68244121	41305
1	50000	0.8317	2500000000	0.69172489	41585
1	50000	0.8361	2500000000	0.69906321	41805
1	50000	0.8398	2500000000	0.70526404	41990
1	50000	0.8457	2500000000	0.71520849	42285
1	50000	0.8493	2500000000	0.72131049	42465
1	50000	0.8534	2500000000	0.72829156	42670
1	50000	0.8595	2500000000	0.73874025	42975
1	50000	0.8626	2500000000	0.74407876	43130
1	50000	0.8669	2500000000	0.75151561	43345
1	50000	0.8731	2500000000	0.76230361	43655
1	50000	0.8804	2500000000	0.77510416	44020
1	50000	0.8869	2500000000	0.78659161	44345
1	50000	0.8887	2500000000	0.78978769	44435
1	50000	0.8935	2500000000	0.79834225	44675
1	50000	0.9001	2500000000	0.81018001	45005
1	50000	0.9017	2500000000	0.81306289	45085
1	50000	0.9064	2500000000	0.82156096	45320
1	50000	0.9127	2500000000	0.83302129	45635
1	50000	0.9144	2500000000	0.83612736	45720
1	50000	0.9194	2500000000	0.84529636	45970
1	50000	0.9247	2500000000	0.85507009	46235
1	50000	0.9269	2500000000	0.85914361	46345
1	50000	0.9321	2500000000	0.86881041	46605
1	50000	0.9374	2500000000	0.87871876	46870
1	50000	0.9393	2500000000	0.88228449	46965
1	50000	0.9442	2500000000	0.89151364	47210
1	50000	0.9505	2500000000	0.90345025	47525
1	50000	0.9516	2500000000	0.90554256	47580
1	50000	0.9557	2500000000	0.91336249	47785
1	50000	0.9619	2500000000	0.92525161	48095
1	50000	0.9644	2500000000	0.93006736	48220
1	50000	0.9668	2500000000	0.93470224	48340
1	50000	0.9716	2500000000	0.94400656	48580
1	50000	0.9789	2500000000	0.95824521	48945
1	50000	0.9793	2500000000	0.95902849	48965
1	50000	0.9817	2500000000	0.96373489	49085
1	50000	0.987	2500000000	0.974169	49350
1	50000	0.9935	2500000000	0.98704225	49675
1	50000	0.9932	2500000000	0.98644624	49660
1	50000	0.9959	2500000000	0.99181681	49795
1	50000	1.0025	2500000000	1.00500625	50125
1	50000	1.0064	2500000000	1.01284096	50320
1	50000	1.0067	2500000000	1.01344489	50335
1	50000	1.0091	2500000000	1.01828281	50455
1	50000	1.015	2500000000	1.030225	50750
1	50000	1.0217	2500000000	1.04387089	51085
1	50000	1.0206	2500000000	1.04162436	51030
1	50000	1.0211	2500000000	1.04264521	51055
1	50000	1.0254	2500000000	1.05144516	51270
1	50000	1.0353	2500000000	1.07184609	51765
1	50000	1.0334	2500000000	1.06791556	51670
1	50000	1.0328	2500000000	1.06667584	51640
1	50000	1.0349	2500000000	1.07101801	51745
1	50000	1.0434	2500000000	1.08868356	52170
1	50000	1.0471	2500000000	1.09641841	52355
1	50000	1.0451	2500000000	1.09223401	52255
1	50000	1.044	2500000000	1.089936	52200
1	50000	1.0449	2500000000	1.09181601	52245
1	50000	1.0584	2500000000	1.12021056	52920
1	50000	1.0554	2500000000	1.11386916	52770
1	50000	1.0533	2500000000	1.10944089	52665
1	50000	1.0523	2500000000	1.10733529	52615
1	50000	0.2595	2500000000	0.06734025	12975
1	75000	0	5625000000	0	0
1	75000	0.2595	5625000000	0.06734025	19462.5
1	75000	0.2623	5625000000	0.06880129	19672.5
1	75000	0.2663	5625000000	0.07091569	19972.5
1	75000	0.2711	5625000000	0.07349521	20332.5
1	75000	0.2759	5625000000	0.07612081	20692.5
1	75000	0.279	5625000000	0.077841	20925
1	75000	0.2828	5625000000	0.07997584	21210
1	75000	0.287	5625000000	0.082369	21525
1	75000	0.2913	5625000000	0.08485569	21847.5
1	75000	0.2947	5625000000	0.08684809	22102.5
1	75000	0.2984	5625000000	0.08904256	22380
1	75000	0.3024	5625000000	0.09144576	22680
1	75000	0.3064	5625000000	0.09388096	22980
1	75000	0.3101	5625000000	0.09616201	23257.5
1	75000	0.3139	5625000000	0.09853321	23542.5
1	75000	0.3178	5625000000	0.10099684	23835
1	75000	0.3217	5625000000	0.10349089	24127.5
1	75000	0.3256	5625000000	0.10601536	24420
1	75000	0.3294	5625000000	0.10850436	24705
1	75000	0.3334	5625000000	0.11115556	25005
1	75000	0.3373	5625000000	0.11377129	25297.5
1	75000	0.3411	5625000000	0.11634921	25582.5
1	75000	0.3451	5625000000	0.11909401	25882.5
1	75000	0.3491	5625000000	0.12187081	26182.5
1	75000	0.3529	5625000000	0.12453841	26467.5
1	75000	0.3568	5625000000	0.12730624	26760
1	75000	0.3608	5625000000	0.13017664	27060
1	75000	0.3648	5625000000	0.13307904	27360
1	75000	0.3687	5625000000	0.13593969	27652.5
1	75000	0.3725	5625000000	0.13875625	27937.5
1	75000	0.3765	5625000000	0.14175225	28237.5
1	75000	0.3806	5625000000	0.14485636	28545
1	75000	0.3846	5625000000	0.14791716	28845
1	75000	0.3885	5625000000	0.15093225	29137.5
1	75000	0.3923	5625000000	0.15389929	29422.5
1	75000	0.3967	5625000000	0.15737089	29752.5
1	75000	0.4008	5625000000	0.16064064	30060
1	75000	0.4048	5625000000	0.16386304	30360
1	75000	0.4088	5625000000	0.16711744	30660
1	75000	0.413	5625000000	0.170569	30975
1	75000	0.4173	5625000000	0.17413929	31297.5
1	75000	0.4215	5625000000	0.17766225	31612.5
1	75000	0.4255	5625000000	0.18105025	31912.5
1	75000	0.4296	5625000000	0.18455616	32220
1	75000	0.4341	5625000000	0.18844281	32557.5
1	75000	0.4384	5625000000	0.19219456	32880
1	75000	0.4426	5625000000	0.19589476	33195
1	75000	0.4467	5625000000	0.19954089	33502.5
1	75000	0.4512	5625000000	0.20358144	33840
1	75000	0.4556	5625000000	0.20757136	34170
1	75000	0.4599	5625000000	0.21150801	34492.5
1	75000	0.464	5625000000	0.215296	34800
1	75000	0.4683	5625000000	0.21930489	35122.5
1	75000	0.4729	5625000000	0.22363441	35467.5
1	75000	0.4772	5625000000	0.22771984	35790
1	75000	0.4904	5625000000	0.24049216	36780
1	75000	0.4948	5625000000	0.24482704	37110
1	75000	0.4992	5625000000	0.24920064	37440
1	75000	0.5035	5625000000	0.25351225	37762.5
1	75000	0.5082	5625000000	0.25826724	38115
1	75000	0.5127	5625000000	0.26286129	38452.5
1	75000	0.5172	5625000000	0.26749584	38790
1	75000	0.5216	5625000000	0.27206656	39120
1	75000	0.5262	5625000000	0.27688644	39465
1	75000	0.5308	5625000000	0.28174864	39810
1	75000	0.5354	5625000000	0.28665316	40155
1	75000	0.5399	5625000000	0.29149201	40492.5
1	75000	0.5445	5625000000	0.29648025	40837.5
1	75000	0.5491	5625000000	0.30151081	41182.5
1	75000	0.5538	5625000000	0.30669444	41535
1	75000	0.5583	5625000000	0.31169889	41872.5
1	75000	0.563	5625000000	0.316969	42225
1	75000	0.5677	5625000000	0.32228329	42577.5
1	75000	0.5723	5625000000	0.32752729	42922.5
1	75000	0.577	5625000000	0.332929	43275
1	75000	0.5817	5625000000	0.33837489	43627.5
1	75000	0.5864	5625000000	0.34386496	43980
1	75000	0.5911	5625000000	0.34939921	44332.5
1	75000	0.5958	5625000000	0.35497764	44685
1	75000	0.6005	5625000000	0.36060025	45037.5
1	75000	0.6052	5625000000	0.36626704	45390
1	75000	0.6099	5625000000	0.37197801	45742.5
1	75000	0.6147	5625000000	0.37785609	46102.5
1	75000	0.6194	5625000000	0.38365636	46455
1	75000	0.6241	5625000000	0.38950081	46807.5
1	75000	0.6289	5625000000	0.39551521	47167.5
1	75000	0.6337	5625000000	0.40157569	47527.5
1	75000	0.6384	5625000000	0.40755456	47880
1	75000	0.6432	5625000000	0.41370624	48240
1	75000	0.6481	5625000000	0.42003361	48607.5
1	75000	0.6527	5625000000	0.42601729	48952.5
1	75000	0.6575	5625000000	0.43230625	49312.5
1	75000	0.6624	5625000000	0.43877376	49680
1	75000	0.6671	5625000000	0.44502241	50032.5
1	75000	0.6719	5625000000	0.45144961	50392.5
1	75000	0.6768	5625000000	0.45805824	50760
1	75000	0.6817	5625000000	0.46471489	51127.5
1	75000	0.6863	5625000000	0.47100769	51472.5
1	75000	0.6912	5625000000	0.47775744	51840
1	75000	0.6962	5625000000	0.48469444	52215
1	75000	0.7008	5625000000	0.49112064	52560
1	75000	0.7056	5625000000	0.49787136	52920
1	75000	0.7106	5625000000	0.50495236	53295
1	75000	0.7153	5625000000	0.51165409	53647.5
1	75000	0.72	5625000000	0.5184	54000
1	75000	0.7249	5625000000	0.52548001	54367.5
1	75000	0.7297	5625000000	0.53246209	54727.5
1	75000	0.7343	5625000000	0.53919649	55072.5
1	75000	0.7392	5625000000	0.54641664	55440
1	75000	0.7441	5625000000	0.55368481	55807.5
1	75000	0.7487	5625000000	0.56055169	56152.5
1	75000	0.7535	5625000000	0.56776225	56512.5
1	75000	0.7584	5625000000	0.57517056	56880
1	75000	0.7629	5625000000	0.58201641	57217.5
1	75000	0.7678	5625000000	0.58951684	57585
1	75000	0.7727	5625000000	0.59706529	57952.5
1	75000	0.7772	5625000000	0.60403984	58290
1	75000	0.782	5625000000	0.611524	58650
1	75000	0.7868	5625000000	0.61905424	59010
1	75000	0.7914	5625000000	0.62631396	59355
1	75000	0.7962	5625000000	0.63393444	59715
1	75000	0.8009	5625000000	0.64144081	60067.5
1	75000	0.8054	5625000000	0.64866916	60405
1	75000	0.8103	5625000000	0.65658609	60772.5
1	75000	0.8149	5625000000	0.66406201	61117.5
1	75000	0.8194	5625000000	0.67141636	61455
1	75000	0.8243	5625000000	0.67947049	61822.5
1	75000	0.8288	5625000000	0.68690944	62160
1	75000	0.8334	5625000000	0.69455556	62505
1	75000	0.8383	5625000000	0.70274689	62872.5
1	75000	0.8427	5625000000	0.71014329	63202.5
1	75000	0.8473	5625000000	0.71791729	63547.5
1	75000	0.8522	5625000000	0.72624484	63915
1	75000	0.8565	5625000000	0.73359225	64237.5
1	75000	0.861	5625000000	0.741321	64575
1	75000	0.866	5625000000	0.749956	64950
1	75000	0.87	5625000000	0.7569	65250
1	75000	0.8745	5625000000	0.76475025	65587.5
1	75000	0.8793	5625000000	0.77316849	65947.5
1	75000	0.8833	5625000000	0.78021889	66247.5
1	75000	0.8879	5625000000	0.78836641	66592.5
1	75000	0.8925	5625000000	0.79655625	66937.5
1	75000	0.8965	5625000000	0.80371225	67237.5
1	75000	0.9011	5625000000	0.81198121	67582.5
1	75000	0.9056	5625000000	0.82011136	67920
1	75000	0.9097	5625000000	0.82755409	68227.5
1	75000	0.9143	5625000000	0.83594449	68572.5
1	75000	0.9186	5625000000	0.84382596	68895
1	75000	0.9228	5625000000	0.85155984	69210
1	75000	0.9274	5625000000	0.86007076	69555
1	75000	0.9321	5625000000	0.86881041	69907.5
1	75000	0.936	5625000000	0.876096	70200
1	75000	0.9405	5625000000	0.88454025	70537.5
1	75000	0.9455	5625000000	0.89397025	70912.5
1	75000	0.9491	5625000000	0.90079081	71182.5
1	75000	0.9533	5625000000	0.90878089	71497.5
1	75000	0.958	5625000000	0.917764	71850
1	75000	0.9621	5625000000	0.92563641	72157.5
1	75000	0.966	5625000000	0.933156	72450
1	75000	0.9705	5625000000	0.94187025	72787.5
1	75000	0.9753	5625000000	0.95121009	73147.5
1	75000	0.9786	5625000000	0.95765796	73395
1	75000	0.9827	5625000000	0.96569929	73702.5
1	75000	0.9874	5625000000	0.97495876	74055
1	75000	0.9916	5625000000	0.98327056	74370
1	75000	0.995	5625000000	0.990025	74625
1	75000	0.9992	5625000000	0.99840064	74940
1	75000	1.004	5625000000	1.008016	75300
1	75000	1.0078	5625000000	1.01566084	75585
1	75000	1.0112	5625000000	1.02252544	75840
1	75000	1.0153	5625000000	1.03083409	76147.5
1	75000	1.0203	5625000000	1.04101209	76522.5
1	75000	1.0239	5625000000	1.04837121	76792.5
1	75000	1.0269	5625000000	1.05452361	77017.5
1	75000	1.0308	5625000000	1.06254864	77310
1	75000	1.0355	5625000000	1.07226025	77662.5
1	75000	1.0401	5625000000	1.08180801	78007.5
1	75000	1.0424	5625000000	1.08659776	78180
1	75000	1.0456	5625000000	1.09327936	78420
1	75000	1.0499	5625000000	1.10229001	78742.5
1	75000	1.0541	5625000000	1.11112681	79057.5
1	75000	1.056	5625000000	1.115136	79200
1	75000	1.059	5625000000	1.121481	79425
1	75000	1.0635	5625000000	1.13103225	79762.5
1	75000	1.0658	5625000000	1.13592964	79935
1	75000	1.0672	5625000000	1.13891584	80040
1	75000	1.0701	5625000000	1.14511401	80257.5
1	75000	1.0723	5625000000	1.14982729	80422.5
1	75000	1.0734	5625000000	1.15218756	80505
1	75000	1.0758	5625000000	1.15734564	80685
1	75000	1.0787	5625000000	1.16359369	80902.5
1	75000	1.0786	5625000000	1.16337796	80895
1	75000	1.0805	5625000000	1.16748025	81037.5
1	75000	1.0844	5625000000	1.17592336	81330
1	75000	1.0839	5625000000	1.17483921	81292.5
1	75000	1.085	5625000000	1.177225	81375
1	75000	1.0873	5625000000	1.18222129	81547.5
1	75000	1.0894	5625000000	1.18679236	81705
1	75000	1.089	5625000000	1.185921	81675
1	75000	0.2265	5625000000	0.05130225	16987.5
1	100000	0	10000000000	0	0
1	100000	0.2265	10000000000	0.05130225	22650
1	100000	0.23	10000000000	0.0529	23000
1	100000	0.2333	10000000000	0.05442889	23330
1	100000	0.2375	10000000000	0.05640625	23750
1	100000	0.2418	10000000000	0.05846724	24180
1	100000	0.2456	10000000000	0.06031936	24560
1	100000	0.2493	10000000000	0.06215049	24930
1	100000	0.2528	10000000000	0.06390784	25280
1	100000	0.2574	10000000000	0.06625476	25740
1	100000	0.2617	10000000000	0.06848689	26170
1	100000	0.2656	10000000000	0.07054336	26560
1	100000	0.2694	10000000000	0.07257636	26940
1	100000	0.273	10000000000	0.074529	27300
1	100000	0.2779	10000000000	0.07722841	27790
1	100000	0.2823	10000000000	0.07969329	28230
1	100000	0.2863	10000000000	0.08196769	28630
1	100000	0.2902	10000000000	0.08421604	29020
1	100000	0.294	10000000000	0.086436	29400
1	100000	0.2989	10000000000	0.08934121	29890
1	100000	0.3034	10000000000	0.09205156	30340
1	100000	0.3075	10000000000	0.09455625	30750
1	100000	0.3114	10000000000	0.09696996	31140
1	100000	0.3153	10000000000	0.09941409	31530
1	100000	0.3203	10000000000	0.10259209	32030
1	100000	0.3248	10000000000	0.10549504	32480
1	100000	0.3289	10000000000	0.10817521	32890
1	100000	0.333	10000000000	0.110889	33300
1	100000	0.3372	10000000000	0.11370384	33720
1	100000	0.3422	10000000000	0.11710084	34220
1	100000	0.3466	10000000000	0.12013156	34660
1	100000	0.3509	10000000000	0.12313081	35090
1	100000	0.355	10000000000	0.126025	35500
1	100000	0.3596	10000000000	0.12931216	35960
1	100000	0.3644	10000000000	0.13278736	36440
1	100000	0.3689	10000000000	0.13608721	36890
1	100000	0.3732	10000000000	0.13927824	37320
1	100000	0.3775	10000000000	0.14250625	37750
1	100000	0.3823	10000000000	0.14615329	38230
1	100000	0.3871	10000000000	0.14984641	38710
1	100000	0.3917	10000000000	0.15342889	39170
1	100000	0.396	10000000000	0.156816	39600
1	100000	0.4003	10000000000	0.16024009	40030
1	100000	0.4053	10000000000	0.16426809	40530
1	100000	0.4101	10000000000	0.16818201	41010
1	100000	0.4147	10000000000	0.17197609	41470
1	100000	0.4191	10000000000	0.17564481	41910
1	100000	0.4235	10000000000	0.17935225	42350
1	100000	0.4286	10000000000	0.18369796	42860
1	100000	0.4333	10000000000	0.18774889	43330
1	100000	0.4379	10000000000	0.19175641	43790
1	100000	0.4423	10000000000	0.19562929	44230
1	100000	0.4472	10000000000	0.19998784	44720
1	100000	0.4521	10000000000	0.20439441	45210
1	100000	0.4568	10000000000	0.20866624	45680
1	100000	0.4613	10000000000	0.21279769	46130
1	100000	0.466	10000000000	0.217156	46600
1	100000	0.471	10000000000	0.221841	47100
1	100000	0.4757	10000000000	0.22629049	47570
1	100000	0.4804	10000000000	0.23078416	48040
1	100000	0.485	10000000000	0.235225	48500
1	100000	0.4901	10000000000	0.24019801	49010
1	100000	0.4949	10000000000	0.24492601	49490
1	100000	0.4997	10000000000	0.24970009	49970
1	100000	0.5044	10000000000	0.25441936	50440
1	100000	0.5094	10000000000	0.25948836	50940
1	100000	0.5143	10000000000	0.26450449	51430
1	100000	0.5191	10000000000	0.26946481	51910
1	100000	0.5239	10000000000	0.27447121	52390
1	100000	0.5288	10000000000	0.27962944	52880
1	100000	0.5338	10000000000	0.28494244	53380
1	100000	0.5386	10000000000	0.29008996	53860
1	100000	0.5434	10000000000	0.29528356	54340
1	100000	0.5484	10000000000	0.30074256	54840
1	100000	0.5533	10000000000	0.30614089	55330
1	100000	0.5582	10000000000	0.31158724	55820
1	100000	0.563	10000000000	0.316969	56300
1	100000	0.568	10000000000	0.322624	56800
1	100000	0.5729	10000000000	0.32821441	57290
1	100000	0.5778	10000000000	0.33385284	57780
1	100000	0.5826	10000000000	0.33942276	58260
1	100000	0.5876	10000000000	0.34527376	58760
1	100000	0.5926	10000000000	0.35117476	59260
1	100000	0.5975	10000000000	0.35700625	59750
1	100000	0.6024	10000000000	0.36288576	60240
1	100000	0.6074	10000000000	0.36893476	60740
1	100000	0.6123	10000000000	0.37491129	61230
1	100000	0.6172	10000000000	0.38093584	61720
1	100000	0.6222	10000000000	0.38713284	62220
1	100000	0.6272	10000000000	0.39337984	62720
1	100000	0.6321	10000000000	0.39955041	63210
1	100000	0.637	10000000000	0.405769	63700
1	100000	0.642	10000000000	0.412164	64200
1	100000	0.647	10000000000	0.418609	64700
1	100000	0.6519	10000000000	0.42497361	65190
1	100000	0.6569	10000000000	0.43151761	65690
1	100000	0.6618	10000000000	0.43797924	66180
1	100000	0.6668	10000000000	0.44462224	66680
1	100000	0.6717	10000000000	0.45118089	67170
1	100000	0.6766	10000000000	0.45778756	67660
1	100000	0.6816	10000000000	0.46457856	68160
1	100000	0.6865	10000000000	0.47128225	68650
1	100000	0.6914	10000000000	0.47803396	69140
1	100000	0.6963	10000000000	0.48483369	69630
1	100000	0.7012	10000000000	0.49168144	70120
1	100000	0.7061	10000000000	0.49857721	70610
1	100000	0.711	10000000000	0.505521	71100
1	100000	0.7159	10000000000	0.51251281	71590
1	100000	0.7208	10000000000	0.51955264	72080
1	100000	0.7256	10000000000	0.52649536	72560
1	100000	0.7305	10000000000	0.53363025	73050
1	100000	0.7354	10000000000	0.54081316	73540
1	100000	0.7403	10000000000	0.54804409	74030
1	100000	0.7451	10000000000	0.55517401	74510
1	100000	0.75	10000000000	0.5625	75000
1	100000	0.7548	10000000000	0.56972304	75480
1	100000	0.7597	10000000000	0.57714409	75970
1	100000	0.7645	10000000000	0.58446025	76450
1	100000	0.7693	10000000000	0.59182249	76930
1	100000	0.7741	10000000000	0.59923081	77410
1	100000	0.7789	10000000000	0.60668521	77890
1	100000	0.7837	10000000000	0.61418569	78370
1	100000	0.7885	10000000000	0.62173225	78850
1	100000	0.7933	10000000000	0.62932489	79330
1	100000	0.7981	10000000000	0.63696361	79810
1	100000	0.8028	10000000000	0.64448784	80280
1	100000	0.8076	10000000000	0.65221776	80760
1	100000	0.8123	10000000000	0.65983129	81230
1	100000	0.8171	10000000000	0.66765241	81710
1	100000	0.8218	10000000000	0.67535524	82180
1	100000	0.8264	10000000000	0.68293696	82640
1	100000	0.8311	10000000000	0.69072721	83110
1	100000	0.8358	10000000000	0.69856164	83580
1	100000	0.8404	10000000000	0.70627216	84040
1	100000	0.845	10000000000	0.714025	84500
1	100000	0.8496	10000000000	0.72182016	84960
1	100000	0.8541	10000000000	0.72948681	85410
1	100000	0.8587	10000000000	0.73736569	85870
1	100000	0.8632	10000000000	0.74511424	86320
1	100000	0.8678	10000000000	0.75307684	86780
1	100000	0.8723	10000000000	0.76090729	87230
1	100000	0.8768	10000000000	0.76877824	87680
1	100000	0.8813	10000000000	0.77668969	88130
1	100000	0.8859	10000000000	0.78481881	88590
1	100000	0.8904	10000000000	0.79281216	89040
1	100000	0.8949	10000000000	0.80084601	89490
1	100000	0.8994	10000000000	0.80892036	89940
1	100000	0.9039	10000000000	0.81703521	90390
1	100000	0.9083	10000000000	0.82500889	90830
1	100000	0.9128	10000000000	0.83320384	91280
1	100000	0.9172	10000000000	0.84125584	91720
1	100000	0.9216	10000000000	0.84934656	92160
1	100000	0.926	10000000000	0.857476	92600
1	100000	0.9304	10000000000	0.86564416	93040
1	100000	0.9346	10000000000	0.87347716	93460
1	100000	0.939	10000000000	0.881721	93900
1	100000	0.9434	10000000000	0.89000356	94340
1	100000	0.9475	10000000000	0.89775625	94750
1	100000	0.9517	10000000000	0.90573289	95170
1	100000	0.9561	10000000000	0.91412721	95610
1	100000	0.9603	10000000000	0.92217609	96030
1	100000	0.9686	10000000000	0.93818596	96860
1	100000	0.973	10000000000	0.946729	97300
1	100000	0.977	10000000000	0.954529	97700
1	100000	0.9811	10000000000	0.96255721	98110
1	100000	0.9854	10000000000	0.97101316	98540
1	100000	0.9898	10000000000	0.97970404	98980
1	100000	0.9935	10000000000	0.98704225	99350
1	100000	0.9975	10000000000	0.99500625	99750
1	100000	1.0018	10000000000	1.00360324	100180
1	100000	1.0062	10000000000	1.01243844	100620
1	100000	1.0099	10000000000	1.01989801	100990
1	100000	1.0138	10000000000	1.02779044	101380
1	100000	1.0179	10000000000	1.03612041	101790
1	100000	1.0221	10000000000	1.04468841	102210
1	100000	1.0257	10000000000	1.05206049	102570
1	100000	1.0291	10000000000	1.05904681	102910
1	100000	1.0327	10000000000	1.06646929	103270
1	100000	1.0365	10000000000	1.07433225	103650
1	100000	1.0395	10000000000	1.08056025	103950
1	100000	1.0426	10000000000	1.08701476	104260
1	100000	1.0457	10000000000	1.09348849	104570
1	100000	1.0515	10000000000	1.10565225	105150
1	100000	1.0542	10000000000	1.11133764	105420
1	100000	1.0569	10000000000	1.11703761	105690
1	100000	1.0597	10000000000	1.12296409	105970
1	100000	1.062	10000000000	1.127844	106200
1	100000	1.0646	10000000000	1.13337316	106460
1	100000	1.0668	10000000000	1.13806224	106680
1	100000	1.0693	10000000000	1.14340249	106930
1	100000	1.0717	10000000000	1.14854089	107170
1	100000	1.0738	10000000000	1.15304644	107380
1	100000	1.0753	10000000000	1.15627009	107530
1	100000	1.0771	10000000000	1.16014441	107710
1	100000	1.0787	10000000000	1.16359369	107870
1	100000	1.0794	10000000000	1.16510436	107940
1	100000	1.0808	10000000000	1.16812864	108080
1	100000	1.0819	10000000000	1.17050761	108190
1	100000	1.0834	10000000000	1.17375556	108340
1	100000	1.0842	10000000000	1.17548964	108420
