Matrix B
0.02049
0.02064
0.02079
0.02094
0.02109
0.02124
0.0214
0.02154
0.02167
0.0218
0.02192
0.02239
0.02249
0.02259
0.02269
0.02295
0.02307
0.02316
0.02323
0.02329
0.02335
0.02376
0.02382
0.02388
0.02393
0.02433
0.0244
0.02445
0.02448
0.02499
0.02504
0.02507
0.02556
0.02561
0.02564
0.02616
0.02619
0.02676
0.02729
0.02732
0.02837
0.02832
0.01676
0.01578
0.01579
0.0158
0.01581
0.01583
0.01584
0.01584
0.01585
0.01585
0.01585
0.01585
0.01589
0.01592
0.01594
0.01594
0.01594
0.01594
0.01607
0.01609
0.01611
0.01613
0.01632
0.01637
0.01645
0.01665
0.01673
0.01694
0.01706
0.01724
0.01741
0.01752
0.01775
0.01785
0.01806
0.01817
0.01832
0.01847
0.01852
0.01873
0.01878
0.0189
0.01902
0.01901
0.01919
0.01923
0.01919
0.0194
0.01936
0.01944
0.01952
0.01943
0.01413
0.01357
0.01357
0.01357
0.01357
0.01359
0.01357
0.01355
0.01354
0.01353
0.01349
0.01345
0.01343
0.01337
0.01333
0.01336
0.01344
0.01353
0.01363
0.01373
0.01384
0.01394
0.01405
0.01414
0.01422
0.01432
0.0144
0.01446
0.01456
0.01462
0.01466
0.01476
0.0148
0.01483
0.01492
0.01495
0.01496
0.01505
0.01508
0.01506
0.01515
0.01517
0.01515
0.01522
0.01525
0.01522
0.01529
0.01531
0.01527
0.01534
0.01536
0.01532
0.01233
0.0121
0.0121
0.01211
0.01214
0.01213
0.01213
0.01214
0.01212
0.0121
0.0121
0.01206
0.01205
0.01205
0.0121
0.01213
0.01216
0.01222
0.01226
0.01229
0.01233
0.01238
0.01242
0.01244
0.01249
0.01253
0.01255
0.01257
0.01263
0.01265
0.01266
0.0127
0.01273
0.01274
0.01275
0.0128
0.01281
0.01281
0.01284
0.01287
0.01287
0.01288
0.01292
0.01293
0.01293
0.01298
0.01299
0.01299
0.01304
0.01306
0.01307
0.01312
